255 0 0 900.692217 717.433250
255 0 0 865.344734 723.204259
255 0 0 608.922950 87.058938
255 0 0 633.512953 81.464940
255 0 0 658.063329 72.077957
255 0 0 682.848182 60.617473
255 0 0 336.107755 24.398325
255 0 0 359.545692 9.938368
255 0 0 699.012476 80.757508
255 0 0 728.115927 79.018662
255 0 0 765.647586 89.617573
255 0 0 784.152892 71.597492
255 0 0 802.198859 52.985166
255 0 0 823.846546 39.807150
255 0 0 849.400642 32.610474
255 0 0 581.564766 101.946080
255 0 0 546.455592 96.705126
255 0 0 521.077192 84.086006
255 0 0 864.146854 309.540150
255 0 0 675.919367 250.855593
255 0 0 684.511612 224.893088
255 0 0 697.702198 199.525273
255 0 0 721.085164 172.175772
255 0 0 442.092242 29.623109
255 0 0 478.484060 48.959619
255 0 0 499.188110 67.095621
255 0 0 769.959707 631.717219
255 0 0 820.905978 632.279331
255 0 0 805.862082 14.548591
255 0 0 831.886526 32.256806
255 0 0 857.804232 32.247769
255 0 0 883.612457 36.632039
255 0 0 908.768353 38.976663
255 0 0 772.613534 151.711823
255 0 0 755.847343 193.901749
255 0 0 657.683357 65.628142
255 0 0 682.657065 62.091090
255 0 0 708.085957 61.758521
255 0 0 147.348488 680.852086
255 0 0 178.799333 671.864209
255 0 0 207.811263 664.301157
255 0 0 241.157269 660.971157
255 0 0 266.342037 653.486725
255 0 0 294.241569 648.300776
255 0 0 2.155119 678.113254
255 0 0 27.128941 685.710255
255 0 0 55.090183 682.486649
255 0 0 81.207541 676.495111
255 0 0 788.918743 11.446037
255 0 0 588.012350 284.572224
255 0 0 574.748287 309.637830
255 0 0 441.105529 27.796177
255 0 0 414.858309 25.706244
255 0 0 667.548908 256.091290
255 0 0 658.284239 281.502214
255 0 0 645.836902 305.428290
255 0 0 633.594096 328.329294
255 0 0 656.470733 487.232093
255 0 0 678.266298 500.765681
255 0 0 704.971062 509.927272
255 0 0 730.585149 519.882739
255 0 0 758.939630 534.644701
255 0 0 605.947779 469.215305
255 0 0 629.575250 479.461552
255 0 0 650.576214 493.919483
255 0 0 585.290359 413.089228
255 0 0 595.046894 437.547826
255 0 0 584.939980 464.704713
255 0 0 596.147703 354.314091
255 0 0 593.489480 380.235254
255 0 0 595.467613 406.277523
255 0 0 730.174389 159.699014
255 0 0 742.192938 136.217016
255 0 0 753.147950 113.132478
255 0 0 824.338853 565.869318
255 0 0 852.957265 577.558159
255 0 0 638.867490 322.031059
255 0 0 626.929217 346.757829
255 0 0 617.283120 372.602906
255 0 0 628.232170 90.553247
255 0 0 609.795592 114.832926
255 0 0 407.477860 608.274691
255 0 0 777.266838 539.801179
255 0 0 800.652201 551.773391
255 0 0 594.847527 605.556849
255 0 0 153.255201 679.263081
255 0 0 125.410543 681.358454
255 0 0 196.819822 66.458629
255 0 0 170.417490 73.147148

67 142 219 914.000000 47.333333
67 142 219 824.277778 47.333333
67 142 219 816.638889 36.500000
67 142 219 914.000000 36.500000
67 142 219 913.577313 47.308213
67 142 219 914.000000 47.333333

0 255 0 557.754800 469.793190
0 255 0 587.732300 218.708120
0 255 0 594.833900 107.990860
0 255 0 629.203171 102.635406
0 255 0 654.752600 67.338910
0 255 0 729.896900 72.616950
0 255 0 771.563800 82.616970
0 255 0 766.435800 98.716310
0 255 0 724.769400 88.716320
0 255 0 661.647171 81.965676
0 255 0 636.756271 117.800385
0 255 0 609.994602 122.112516
0 255 0 606.973022 218.632685
0 255 0 576.912000 471.539440
0 255 0 557.754800 469.793190

